1000  31000  3 Texas
1042  12180.06  3 Texas
1062  13240.45  2 Texas
1200  36000  2 Maryland
1327  19800.56  2 Alaska
1483  22458.23  7 Texas
1900  17000.09  3 Washington
2000  16910.00  2 Vermont
2112  23125  4 Alaska
2500  20001  5 Hawaii
3000  21330.00  3 Texas
3210   13200  1 Minnesota
3600  77500  4 California
3601  11970  2 Illinois
4000  25750.00 4 Florida
4724   8900  3 Oklahoma
6217  45000.70  2 Texas
9280   6200  1 Vermont
5000  30170.00 2 Hawaii
5100  30170.05 5 Arkansas
5601  51970  9 Illinois
5724  66900  3 Florida
5217  10002.68  2 Texas
5280  70000  1 Washington
5000 100000  10 Hawaii
5200  25000.4  3 Texas
5230 120000  6 California
6641  85000  7 Alaska
7000  45500  4 Maryland
7100  56500  3 Illinois
7205 50100.65 8 Arkansas
8110 110005.9  8 Texas
8340 70100.25 9 Iowa
9101  67590.40 6 Texas
9220 35000.58 8 Arkansas
9300 22000.69 4 Iowa
9400 19490.00 1 Hawaii
9400 55490.00 4 Pennsylvania
